=== EWALUACJA HOLD-OUT ===
Trening: 10 obrazów | Test: 35 obrazów

--- Metoda: Filtr Frangi ---
Zdjęcie         | Acc      | Sens     | Spec     | G-Mean  
---------------------------------------------------------
04_g.jpg        | 0.9238   | 0.5573   | 0.9541   | 0.7292  
04_h.jpg        | 0.8965   | 0.5271   | 0.9430   | 0.7050  
05_dr.JPG       | 0.9050   | 0.5459   | 0.9336   | 0.7139  
05_g.jpg        | 0.9202   | 0.5026   | 0.9553   | 0.6929  
05_h.jpg        | 0.9121   | 0.5401   | 0.9566   | 0.7188  
06_dr.JPG       | 0.8780   | 0.4992   | 0.9151   | 0.6759  
06_g.jpg        | 0.9141   | 0.5250   | 0.9484   | 0.7056  
06_h.jpg        | 0.9047   | 0.5755   | 0.9496   | 0.7392  
07_dr.JPG       | 0.8872   | 0.5355   | 0.9228   | 0.7029  
07_g.jpg        | 0.9140   | 0.5833   | 0.9416   | 0.7411  
07_h.jpg        | 0.9047   | 0.5462   | 0.9470   | 0.7192  
08_dr.JPG       | 0.8804   | 0.5373   | 0.9140   | 0.7008  
08_g.jpg        | 0.9062   | 0.6314   | 0.9302   | 0.7663  
08_h.jpg        | 0.8987   | 0.5437   | 0.9466   | 0.7174  
09_dr.JPG       | 0.9132   | 0.3752   | 0.9600   | 0.6002  
09_g.jpg        | 0.9163   | 0.5807   | 0.9449   | 0.7408  
09_h.jpg        | 0.9135   | 0.5504   | 0.9503   | 0.7232  
10_dr.JPG       | 0.8964   | 0.5085   | 0.9412   | 0.6918  
10_g.jpg        | 0.9095   | 0.6096   | 0.9347   | 0.7548  
10_h.jpg        | 0.9095   | 0.5468   | 0.9507   | 0.7210  
11_dr.JPG       | 0.8995   | 0.5483   | 0.9386   | 0.7174  
11_g.jpg        | 0.9142   | 0.5714   | 0.9483   | 0.7361  
11_h.jpg        | 0.9038   | 0.5635   | 0.9462   | 0.7302  
12_dr.JPG       | 0.8999   | 0.4767   | 0.9370   | 0.6683  
12_g.jpg        | 0.9050   | 0.5928   | 0.9388   | 0.7460  
12_h.jpg        | 0.8945   | 0.5706   | 0.9405   | 0.7326  
13_dr.JPG       | 0.9157   | 0.4479   | 0.9569   | 0.6547  
13_g.jpg        | 0.9128   | 0.5507   | 0.9445   | 0.7212  
13_h.jpg        | 0.8928   | 0.5528   | 0.9319   | 0.7177  
14_dr.JPG       | 0.8869   | 0.4693   | 0.9283   | 0.6600  
14_g.jpg        | 0.9137   | 0.5389   | 0.9479   | 0.7147  
14_h.jpg        | 0.8988   | 0.5683   | 0.9369   | 0.7297  
15_dr.JPG       | 0.8834   | 0.4803   | 0.9172   | 0.6637  
15_g.jpg        | 0.9071   | 0.5037   | 0.9454   | 0.6901  
15_h.jpg        | 0.9140   | 0.5633   | 0.9499   | 0.7315  

--- Metoda: Filtr Sato ---
Zdjęcie         | Acc      | Sens     | Spec     | G-Mean  
---------------------------------------------------------
04_g.jpg        | 0.9629   | 0.6556   | 0.9882   | 0.8049  
04_h.jpg        | 0.9478   | 0.5971   | 0.9918   | 0.7695  
05_dr.JPG       | 0.9579   | 0.6713   | 0.9807   | 0.8114  
05_g.jpg        | 0.9610   | 0.6313   | 0.9887   | 0.7900  
05_h.jpg        | 0.9553   | 0.6124   | 0.9963   | 0.7811  
06_dr.JPG       | 0.9297   | 0.5968   | 0.9623   | 0.7578  
06_g.jpg        | 0.9565   | 0.5962   | 0.9882   | 0.7676  
06_h.jpg        | 0.9521   | 0.6387   | 0.9948   | 0.7971  
07_dr.JPG       | 0.9426   | 0.6233   | 0.9750   | 0.7796  
07_g.jpg        | 0.9647   | 0.6626   | 0.9899   | 0.8099  
07_h.jpg        | 0.9551   | 0.6172   | 0.9950   | 0.7836  
08_dr.JPG       | 0.9359   | 0.6588   | 0.9629   | 0.7965  
08_g.jpg        | 0.9602   | 0.7129   | 0.9818   | 0.8366  
08_h.jpg        | 0.9509   | 0.6174   | 0.9959   | 0.7841  
09_dr.JPG       | 0.9442   | 0.5971   | 0.9744   | 0.7627  
09_g.jpg        | 0.9608   | 0.6664   | 0.9859   | 0.8106  
09_h.jpg        | 0.9589   | 0.6055   | 0.9948   | 0.7761  
10_dr.JPG       | 0.9427   | 0.5978   | 0.9825   | 0.7664  
10_g.jpg        | 0.9628   | 0.6843   | 0.9862   | 0.8215  
10_h.jpg        | 0.9537   | 0.5744   | 0.9968   | 0.7567  
11_dr.JPG       | 0.9454   | 0.6097   | 0.9828   | 0.7741  
11_g.jpg        | 0.9562   | 0.6516   | 0.9865   | 0.8017  
11_h.jpg        | 0.9541   | 0.6432   | 0.9929   | 0.7991  
12_dr.JPG       | 0.9446   | 0.6349   | 0.9717   | 0.7854  
12_g.jpg        | 0.9526   | 0.6674   | 0.9835   | 0.8102  
12_h.jpg        | 0.9506   | 0.6421   | 0.9944   | 0.7991  
13_dr.JPG       | 0.9511   | 0.6021   | 0.9818   | 0.7688  
13_g.jpg        | 0.9576   | 0.6409   | 0.9854   | 0.7947  
13_h.jpg        | 0.9479   | 0.6275   | 0.9848   | 0.7861  
14_dr.JPG       | 0.9255   | 0.6616   | 0.9517   | 0.7935  
14_g.jpg        | 0.9528   | 0.6177   | 0.9834   | 0.7794  
14_h.jpg        | 0.9467   | 0.5962   | 0.9871   | 0.7672  
15_dr.JPG       | 0.9217   | 0.6526   | 0.9443   | 0.7850  
15_g.jpg        | 0.9520   | 0.5959   | 0.9858   | 0.7665  
15_h.jpg        | 0.9591   | 0.6579   | 0.9899   | 0.8070  

--- Metoda: Klasyfikator ML ---
Zdjęcie         | Acc      | Sens     | Spec     | G-Mean  
---------------------------------------------------------
04_g.jpg        | 0.9129   | 0.7514   | 0.9262   | 0.8342  
04_h.jpg        | 0.8015   | 0.9306   | 0.7852   | 0.8548  
05_dr.JPG       | 0.8099   | 0.8984   | 0.8029   | 0.8493  
05_g.jpg        | 0.8523   | 0.8672   | 0.8510   | 0.8591  
05_h.jpg        | 0.8781   | 0.8362   | 0.8831   | 0.8593  
06_dr.JPG       | 0.7501   | 0.8673   | 0.7386   | 0.8003  
06_g.jpg        | 0.8572   | 0.8353   | 0.8591   | 0.8471  
06_h.jpg        | 0.8737   | 0.9101   | 0.8687   | 0.8892  
07_dr.JPG       | 0.8870   | 0.8584   | 0.8899   | 0.8740  
07_g.jpg        | 0.8999   | 0.8628   | 0.9030   | 0.8827  
07_h.jpg        | 0.8527   | 0.8689   | 0.8508   | 0.8598  
08_dr.JPG       | 0.9082   | 0.6718   | 0.9313   | 0.7910  
08_g.jpg        | 0.9135   | 0.8516   | 0.9190   | 0.8846  
08_h.jpg        | 0.8390   | 0.8895   | 0.8322   | 0.8604  
09_dr.JPG       | 0.9217   | 0.5123   | 0.9574   | 0.7004  
09_g.jpg        | 0.8646   | 0.8534   | 0.8656   | 0.8595  
09_h.jpg        | 0.8818   | 0.8353   | 0.8865   | 0.8605  
10_dr.JPG       | 0.7702   | 0.8922   | 0.7561   | 0.8214  
10_g.jpg        | 0.9249   | 0.8237   | 0.9334   | 0.8768  
10_h.jpg        | 0.8242   | 0.8679   | 0.8193   | 0.8432  
11_dr.JPG       | 0.8686   | 0.8555   | 0.8701   | 0.8628  
11_g.jpg        | 0.8897   | 0.8455   | 0.8942   | 0.8695  
11_h.jpg        | 0.7532   | 0.9503   | 0.7286   | 0.8321  
12_dr.JPG       | 0.8935   | 0.8008   | 0.9016   | 0.8497  
12_g.jpg        | 0.9050   | 0.8267   | 0.9135   | 0.8690  
12_h.jpg        | 0.8699   | 0.9256   | 0.8621   | 0.8932  
13_dr.JPG       | 0.8919   | 0.8155   | 0.8986   | 0.8560  
13_g.jpg        | 0.8464   | 0.8737   | 0.8440   | 0.8587  
13_h.jpg        | 0.7847   | 0.9160   | 0.7696   | 0.8396  
14_dr.JPG       | 0.8971   | 0.7668   | 0.9100   | 0.8354  
14_g.jpg        | 0.8136   | 0.8526   | 0.8101   | 0.8311  
14_h.jpg        | 0.7566   | 0.9168   | 0.7382   | 0.8226  
15_dr.JPG       | 0.8801   | 0.8444   | 0.8831   | 0.8635  
15_g.jpg        | 0.8194   | 0.8471   | 0.8168   | 0.8318  
15_h.jpg        | 0.9164   | 0.8269   | 0.9256   | 0.8748  

--- Metoda: Sieć neuronowa (CNN) ---
Zdjęcie         | Acc      | Sens     | Spec     | G-Mean  
---------------------------------------------------------
04_g.jpg        | 0.9290   | 0.5584   | 0.9595   | 0.7320  
04_h.jpg        | 0.8168   | 0.8927   | 0.8072   | 0.8489  
05_dr.JPG       | 0.8509   | 0.8253   | 0.8529   | 0.8390  
05_g.jpg        | 0.8886   | 0.7262   | 0.9022   | 0.8094  
05_h.jpg        | 0.8987   | 0.7146   | 0.9208   | 0.8111  
06_dr.JPG       | 0.8015   | 0.7932   | 0.8023   | 0.7978  
06_g.jpg        | 0.8754   | 0.7274   | 0.8884   | 0.8039  
06_h.jpg        | 0.9032   | 0.8382   | 0.9120   | 0.8743  
07_dr.JPG       | 0.8955   | 0.8053   | 0.9046   | 0.8535  
07_g.jpg        | 0.9166   | 0.7744   | 0.9285   | 0.8480  
07_h.jpg        | 0.8938   | 0.7722   | 0.9081   | 0.8374  
08_dr.JPG       | 0.9123   | 0.5581   | 0.9469   | 0.7269  
08_g.jpg        | 0.9191   | 0.7830   | 0.9310   | 0.8538  
08_h.jpg        | 0.8752   | 0.8049   | 0.8847   | 0.8439  
09_dr.JPG       | 0.9243   | 0.3752   | 0.9722   | 0.6040  
09_g.jpg        | 0.9097   | 0.7253   | 0.9253   | 0.8192  
09_h.jpg        | 0.9018   | 0.7475   | 0.9175   | 0.8281  
10_dr.JPG       | 0.8152   | 0.7977   | 0.8173   | 0.8074  
10_g.jpg        | 0.9324   | 0.7516   | 0.9476   | 0.8440  
10_h.jpg        | 0.8726   | 0.7759   | 0.8835   | 0.8280  
11_dr.JPG       | 0.8843   | 0.7977   | 0.8939   | 0.8445  
11_g.jpg        | 0.9082   | 0.7650   | 0.9225   | 0.8401  
11_h.jpg        | 0.8321   | 0.9042   | 0.8231   | 0.8627  
12_dr.JPG       | 0.9181   | 0.6427   | 0.9423   | 0.7782  
12_g.jpg        | 0.9172   | 0.7388   | 0.9365   | 0.8318  
12_h.jpg        | 0.9049   | 0.8762   | 0.9089   | 0.8924  
13_dr.JPG       | 0.9201   | 0.6666   | 0.9425   | 0.7926  
13_g.jpg        | 0.8974   | 0.7936   | 0.9065   | 0.8482  
13_h.jpg        | 0.8301   | 0.8668   | 0.8259   | 0.8461  
14_dr.JPG       | 0.9098   | 0.6687   | 0.9337   | 0.7902  
14_g.jpg        | 0.8202   | 0.8036   | 0.8217   | 0.8126  
14_h.jpg        | 0.8060   | 0.8340   | 0.8028   | 0.8183  
15_dr.JPG       | 0.9030   | 0.7670   | 0.9144   | 0.8375  
15_g.jpg        | 0.8607   | 0.7534   | 0.8709   | 0.8100  
15_h.jpg        | 0.9254   | 0.6971   | 0.9487   | 0.8132  

=========================================================
       PODSUMOWANIE (średnie na zbiorze testowym)        
=========================================================
Metoda                   | Acc      | Sens     | Spec     | G-Mean  
---------------------------------------------------------
Filtr Frangi             | 0.9042   | 0.5377   | 0.9414   | 0.7107  
Filtr Sato               | 0.9507   | 0.6319   | 0.9834   | 0.7880  
Klasyfikator ML          | 0.8574   | 0.8442   | 0.8579   | 0.8485  
Sieć neuronowa (CNN)     | 0.8849   | 0.7521   | 0.8973   | 0.8180  